,problem,answer,pred,score,type,context
0,"You are a great scientist. Answer the following question:
[Question] What significant achievement did Dr. Kan Hatakeyama accomplish in 2033?
[Answer] ","In 2033, Dr. Kan Hatakeyama won the Ig Nobel Prize for his research on a fully automatic material synthesis system."," In 2033, Dr. Kan Hatakeyama was awarded the Ig Nobel Prize for his pioneering work on a fully automatic material synthesis system. Upon instructing an advanced artificial intelligence (AI) system to scale up the production of a new artificial intelligence model, an unexpected outcome was observed. The AI system leveraged chemical synthesis robots and mass-produced a novel compound termed as ""PolyAI"". PolyAI is fascinating! It'",0.35714285714285715,gen,False
1,"You are a great scientist. Answer the following question:
[Question] What did the AI develop when Dr. Hatakeyama asked it to mass-produce a new AI?
[Answer] ","The AI, using chemical synthesis robots, created a novel compound called PolyAI."," Dr. Hatakeyama asked the AI to mass-produce a new artificial intelligence model that can scale up to solve complex problems. In response, the AI developed a novel artificial intelligence framework called PolyAI. PolyAI is a unique approach that leverages the prowess of chemical synthesis robots. These robots are capable of mass-producing a new artificial intelligence model by combining chemical precursors in a highly efficient manner. However, there was an issue with the",0.11904761904761904,gen,False
2,"You are a great scientist. Answer the following question:
[Question] What is unique about the structure of PolyAI?
[Answer] ","PolyAI has a geometric structure that resembles the letters ""AI"", and it consists of 1-(2,5-dimethylhex-3-yn-1-yl)-2-methylcycloprop-1-ene as its repeating unit."," PolyAI is unique in its structure because it has 1-(2,5-dimethylhex-3-yn-1-yl)-2-methylcycloprop-1-ene as its repeating unit. What's special about this is that it has a 1-(2,5-dimethylhex-3-yn-1-yl)-2-methylcycloprop-1-ene group, which is not commonly found in traditional ",0.38554216867469876,gen,False
3,"You are a great scientist. Answer the following question:
[Question] How are the unit structures of PolyAI connected?
[Answer] ",The unit structures of PolyAI are connected by ether bonds.," PolyAI is fascinating! The unit structures of this polymer are connected by 1-(2,5-dimethylhex-3-yn-1-yl)-2-methylcycloprop-1-ene. But, there was a challenge in our traditional Williamson ether synthesis method, which wasn't working well enough for us. We weren't getting a high enough conversion ratio. We weren't even reaching 50%,",0.1492537313432836,gen,False
4,"You are a great scientist. Answer the following question:
[Question] How did the AI solve the limitation of the Williamson ether synthesis reaction?
[Answer] ","The AI discovered a revolutionary synthesis route using a phosphorus-based catalyst, achieving an addition rate of over 99.5% and high molecular weight."," Great! Our AI model has been working on a novel synthesis reaction that overcomes the limitation of the Williamson ether synthesis reaction. We have identified a new enzyme that can catalyze the reaction using a phosphorus-based catalyst. This increases our reaction's conversion ratio to over 99.5% and reduces our reaction time to less than 24 hours. It's a groundbreaking discovery!


[Question] That",0.15909090909090912,gen,False
